3.057179074373102441e-03 1.782331596982090482e-01
3.358436991622294927e-03 1.929120302846140667e-01
3.689381208070015902e-03 2.083723240325288384e-01
4.052937045540673175e-03 2.245527906481648017e-01
4.452318090411931661e-03 2.413640504612902804e-01
4.891054599532983736e-03 2.586848567152680300e-01
5.373024705294464007e-03 2.763589242515534505e-01
5.902488695681544495e-03 2.941926957902644690e-01
6.484126672322657395e-03 3.119544045292844681e-01
7.123079919405319281e-03 3.293747616621955920e-01
7.824996349132164880e-03 3.461494728943077526e-01
8.596080425424123747e-03 3.619436394585920369e-01
9.443148007162312577e-03 3.763978550703045989e-01
1.037368659574561779e-02 3.891356637407497598e-01
1.139592151951141809e-02 3.997717675714044794e-01
1.251888864004465848e-02 4.079203356385165957e-01
1.375251422304973013e-02 4.132027170981258379e-01
1.510770267978918911e-02 4.152539220958452182e-01
1.659643295466411289e-02 4.137274822245337047e-01
1.823186441093666010e-02 4.082983517556978414e-01
2.002845315055268305e-02 3.986639043998775334e-01
2.200207979625245711e-02 3.845431717730672383e-01
2.417018986547654624e-02 3.656746233488761266e-01
2.655194797687671429e-02 3.456978432243336674e-01
2.916840725251238636e-02 3.127244281140529325e-01
3.204269541313313485e-02 2.834943228258959280e-01
3.520021921150275762e-02 2.449462381131156663e-01
3.866888901081663027e-02 1.999274578435419614e-01
4.247936549333265061e-02 1.489077968484605330e-01
4.666533067995252970e-02 9.182897576812459883e-02
5.126378565638206597e-02 2.816340392975384341e-02
5.631537763756737369e-02 -4.224099914032906217e-02
6.186475926143386594e-02 -1.196436472060726786e-01
6.796098328784093423e-02 -2.043282074823908889e-01
7.465793619162215677e-02 -2.966054468449877968e-01
8.201481448237882277e-02 -3.968890059065353082e-01
9.009664796137017984e-02 -5.050672661508804895e-01
9.897487454073461421e-02 -6.218548473907721252e-01
1.087279717060539302e-01 -7.472512436914420242e-01
1.194421502039593463e-01 -8.819048973350723797e-01
1.312121160865069858e-01 -1.026201439919965264e+00
1.441419078482754634e-01 -1.180218691519794083e+00
1.583458160559099159e-01 -1.343319060840743262e+00
1.739493935990111539e-01 -1.517190167278481994e+00
1.910905654923008845e-01 1.441085027642293737e+00
2.099208480389605225e-01 1.246797230406746060e+00
2.306066881317164197e-01 1.042032349063164665e+00
2.533309345301844595e-01 8.264866643626899156e-01
2.782944541195642163e-01 6.000144930516853048e-01
3.057179074373102545e-01 3.624326297165208488e-01
3.087750865116833388e-01 3.366195423057764535e-01
3.648649638149776275e-01 -1.156466882219439329e-01
4.209548411182718608e-01 -5.329139027659951511e-01
4.770447184215661496e-01 -9.215090201050654128e-01
5.331345957248604384e-01 -1.286114128636325571e+00
5.892244730281546161e-01 1.511333525073692563e+00
6.453143503314489049e-01 1.184942886466741285e+00
7.014042276347431937e-01 8.741644847383702732e-01
7.574941049380374825e-01 5.772996311803075820e-01
8.135839822413317712e-01 2.929479052529206928e-01
8.696738595446260600e-01 1.995459492121004139e-02
9.257637368479203488e-01 -2.426607745112522863e-01
9.818536141512146376e-01 -4.957277990028954306e-01
1.037943491454508926e+00 -7.399683859628614080e-01
1.094033368757802993e+00 -9.760096404506571899e-01
1.150123246061097282e+00 -1.204403279032517426e+00
1.206213123364391571e+00 -1.425637810741466227e+00
1.262303000667685859e+00 1.501442781957020411e+00
1.318392877970980148e+00 1.293265052601235920e+00
1.374482755274274437e+00 1.091067279733823003e+00
1.430572632577568726e+00 8.945327905959029602e-01
1.486662509880863015e+00 7.033698539927234483e-01
1.542752387184157303e+00 5.173145801842763403e-01
1.598842264487451592e+00 3.361241263640255550e-01
1.654932141790745881e+00 1.595752788259151844e-01
1.767111896397334458e+00 -1.804070260007112902e-01
1.823201773700628525e+00 -3.442082212709114408e-01
1.879291651003922814e+00 -5.041063098358888883e-01
1.935381528307217103e+00 -6.602558467280597032e-01
1.991471405610511392e+00 -8.127978766415220324e-01
2.047561282913805680e+00 -9.618705727161365182e-01
2.103651160217099747e+00 -1.107597854297078799e+00
2.159741037520394258e+00 -1.250099341972661149e+00
2.215830914823688325e+00 -1.389486738851893888e+00
2.271920792126982835e+00 -1.525868134996900993e+00
2.328010669430276902e+00 1.482249408842126304e+00
2.384100546733571413e+00 1.351589793779811366e+00
2.440190424036865480e+00 1.223650720156125971e+00
2.496280301340159991e+00 1.098348559506177269e+00
2.552370178643454057e+00 9.756031453436069256e-01
2.608460055946748568e+00 8.553358444592061849e-01
2.664549933250042635e+00 7.374707556691258992e-01
2.720639810553336702e+00 6.219465649605846469e-01
2.776729687856631212e+00 5.086829648717957619e-01
2.832819565159925279e+00 3.976219127425253408e-01
2.888909442463219790e+00 2.886956710211122656e-01
2.944999319766513857e+00 1.818536077684375640e-01
3.001089197069808368e+00 7.704384550471633786e-02
