1.090329762255375368e+00 -7.627771393646373133e-01
1.072277944999491694e+00 -7.519709864218591111e-01
1.054814134820346805e+00 -7.396459751635895419e-01
1.037910062146943924e+00 -7.258041536914449088e-01
1.021539240977433760e+00 -7.104514633024688885e-01
1.005676830403249955e+00 -6.935983972326305036e-01
9.902995088374509924e-01 -6.752612039333490968e-01
9.753853596079712363e-01 -6.554606382833657596e-01
9.609137667354494816e-01 -6.342219975662417575e-01
9.468653198533522053e-01 -6.115768856853945890e-01
9.332217273482606990e-01 -5.875624374018413310e-01
9.199657369029728970e-01 -5.622236232653806676e-01
9.070810627166567830e-01 -5.356099526035885683e-01
8.945523187564818901e-01 -5.077833148725724444e-01
8.823649574655216821e-01 -4.788082602005535038e-01
8.705052134135657926e-01 -4.487647902164432212e-01
8.589600514319534197e-01 -4.177384640610189437e-01
8.477171188215876230e-01 -3.858283331171443176e-01
8.367647012657530858e-01 -3.531499391310238267e-01
8.260916821169552726e-01 -3.198425981977660593e-01
8.156875047603184825e-01 -2.860907395877097525e-01
8.055421377856877285e-01 -2.521553925014473063e-01
7.956460427268954305e-01 -2.183901976281509560e-01
7.859901441501127017e-01 -1.851967071097365969e-01
7.765658018941161700e-01 -1.528464463145655927e-01
7.673647852839963202e-01 -1.212057892576773183e-01
7.583792491565490845e-01 -8.952017009654597568e-02
7.496017115505704265e-01 -5.639486199414481260e-02
7.410250329287103588e-01 -1.992459948270161943e-02
7.326423968096072992e-01 2.210739799839048572e-02
7.244472916998802026e-01 7.196212845895647026e-02
7.164334942253239857e-01 1.316299751134980545e-01
7.085950533694670428e-01 2.026420920483532617e-01
7.009262757355984030e-01 2.861404052089719929e-01
6.934217117555597776e-01 3.830945987524362883e-01
6.860761427750984298e-01 4.945074257491153258e-01
6.788845689514599879e-01 6.215388225505436015e-01
6.718421979042457082e-01 7.655609841791705117e-01
6.649444340653930530e-01 9.281988002417130845e-01
6.581868686785496969e-01 1.111352472641899958e+00
6.515652704021055452e-01 1.317258343482429650e+00
6.450755764737976516e-01 1.548493493748150041e+00
6.387138843981191583e-01 1.808095724264252580e+00
6.324764441207938459e-01 2.099560711514761202e+00
6.263596506573432254e-01 2.426963380544397975e+00
6.203600371452996365e-01 2.795050064754674768e+00
6.144742682919287491e-01 3.209350693872356608e+00
6.086991341914406162e-01 3.676258349850276552e+00
6.030315444876098718e-01 4.203268936982635040e+00
5.974685228594953657e-01 4.799110254356488525e+00
5.920072018095913213e-01 5.473950294487687884e+00
5.866448177352291404e-01 6.239669880143686065e+00
5.813787062654335314e-01 7.110207954103213268e+00
5.762062978467018537e-01 8.101834741421880537e+00
5.711251135623394148e-01 9.233689198665672393e+00
5.661327611710602614e-01 1.052824028869149231e+01
5.612269313515536595e-01 1.201196922952956037e+01
5.564053941406297277e-01 1.371612641808538591e+01
5.516659955534011228e-01 1.567753787183095149e+01
5.470066543747406085e-01 1.794001864531835722e+01
5.424253591119706508e-01 2.055538322823856134e+01
5.379201650994127615e-01 2.358540483024698986e+01
5.334891917460402588e-01 2.710362155326862776e+01
5.291306199180497716e-01 3.119791377927816356e+01
5.248426894486977190e-01 3.597350652575640595e+01
5.206236967682419392e-01 4.155685707431162257e+01
5.164719926472830513e-01 4.809996891375802619e+01
5.123859800472254644e-01 5.578560835622187852e+01
5.083641120719724071e-01 6.483585378749648953e+01
5.044048900153371706e-01 7.551922035276456313e+01
5.005068614989898190e-01 8.816177294945478593e+01
4.966686186960835858e-01 1.031607656981972525e+02
4.928887966359914996e-01 1.210019447044885084e+02
4.891660715858708319e-01 1.422787430972762479e+02
4.854991595050171527e-01 1.677227855929942848e+02
4.818868145682239645e-01 1.982290378121365109e+02
4.783278277545737200e-01 2.349092760076540571e+02
4.748210254983086243e-01 2.792211995638696749e+02
4.713652683986119807e-01 3.327161396329806280e+02
4.679594499853272915e-01 3.975880093397374253e+02
4.646024955377997534e-01 4.764881387622763214e+02
4.612933609541972624e-01 5.689155522152177582e+02
4.580310316688068206e-01 6.847429982808669138e+02
4.548145216149529491e-01 8.355276958967378960e+02
4.516428722313060029e-01 1.032445641638686766e+03
4.485151515094826791e-01 1.285841588691143443e+03
4.454304530809441998e-01 1.605170401389553490e+03
4.423878953413203363e-01 1.999030628043168690e+03
4.393866206103750893e-01 2.475217365231404983e+03
4.364257943259386430e-01 3.040776803505754742e+03
4.335046042702093705e-01 3.702058359639157970e+03
4.306222598269235369e-01 4.464763591474023087e+03
